2 0.5929392748090513 0.3028649386084584 0.07264665757162334 0.12278308321964528
2 0.6696793997271487 0.3212824010914052 0.031718963165075 0.04774897680763985
7 0.484481582537517 0.5798090040927694 0.031718963165075 0.027285129604365608
7 0.5325716234652114 0.7326057298772171 0.017394270122782985 0.024556616643929063
7 0.40620736698499316 0.5791268758526603 0.02251023192360158 0.017735334242837696
4 0.38048251968444474 0.7926331424562556 0.012076367720981907 0.01470166505162993
7 0.3885649226806616 0.6559782701333745 0.01425129402172871 0.010094666598724586
7 0.3827753344843344 0.626584976213559 0.016032705774444763 0.010688470516296534
7 0.43588367236218273 0.751729151841864 0.010465794047206956 0.010391568557510453
7 0.40771509902235964 0.750393093027327 0.01647805871262385 0.010094666598724586
7 0.5457745098578561 0.6320776624511003 0.008461705825401395 0.008016352887222382
7 0.3769968801114615 0.5996856587475462 0.006858435247957004 0.006205250938627671
7 0.43394638708110395 0.6423059349312785 0.011022485219930829 0.011104133258596818
7 0.4231688459771716 0.6089935351554877 0.010532596987933828 0.009797764639938436
2 0.6640518417462482 0.19236016371077763 0.0327421555252387 0.05184174624829467
2 0.7453956343792632 0.23874488403819918 0.021487039563437945 0.04092769440654845
2 0.788369713506139 0.17735334242837653 0.019440654843110538 0.04638472032742154
2 0.8763642564802183 0.1869031377899045 0.019440654843110538 0.05184174624829467
2 0.9725443383356072 0.2305593451568895 0.052182810368349236 0.07639836289222374
2 0.08748294679399728 0.252387448840382 0.025579809004092777 0.06002728512960434
2 0.02660300136425648 0.22510231923601637 0.026603001364256477 0.05457025920873125
2 0.16319918144611187 0.26125511596180084 0.029672578444747605 0.03137789904502046
7 0.46969055691331446 0.9085846879906512 0.021696672154117566 0.023143116964392193
7 0.4816969128351015 0.8516460093336975 0.007287593533838503 0.012685810966311521
7 0.4525465386997475 0.830592961347053 0.009311925071015921 0.00998670225007487
7 0.4650973942302471 0.6281598076293159 0.009716791378451361 0.011606167479816918
7 0.36985259540605187 0.69577248097104 0.012753288684217452 0.009716791378451432
7 0.15135228848821083 0.6366158113730929 0.2257281553398058 0.23300970873786406
7 0.14771399716295427 0.4604715672676838 0.2142857142857143 0.09986130374479892
7 0.7416782246879334 0.5922330097087379 0.2891816920943134 0.06934812760055487
7 0.6850456224906054 0.38464664885702915 0.07561178712265218 0.0642926573138719
7 0.6059249051272314 0.4063793780898872 0.04052248471543329 0.07636639577657078
7 0.6849324311925176 0.45633447097930413 0.10300408125990046 0.03622121538809687
7 0.4293464801102593 0.5007054598297228 0.04459737144659428 0.11470051539564004
7 0.47100087780657063 0.5165522415620152 0.03282547644546277 0.08361063885419007
7 0.33845386774575387 0.6013702542624751 0.06474542250622313 0.12526503655050156
7 0.3143441212530519 0.7547067327387518 0.08761006471995923 0.1445830180908199
